00000010
00110010
10000000
00100000	//ADD
00000010
10010101
01000000
00100010	//SUB
00000001
01001011
01001000
00100100	//AND
00000010
00110010
10000000
00100101	//OR
00000010
11010111
10101000
00100111	//NOR
00000010
10110110
01100000
00101010	//SLT
00100001
10001100
00000000
00000101	//ADDI
00010010
00010001
00000000
00000000	//BEQ
00010110
01010011
00000000
00000010	//BNEQ
00001100
00010000
00000000
00101000	//JAL
00000000
00000000
00000000
00110100	//ANDI
00000000
00000000
11111010
11111111	//ORI
10001110
10010011
00000000
00001000	//LW
10101101
00110001
00000000
00000100	//SW
00001000
00000000
00000000
00001000	//JUMP


0000000000001000