00000000000000000000000000000010
00000000000000000000000000000010
00000000000000000000000000000001
00000000000000000000000000000001
00000000000000000000000000000000
0000000000000000000000000000000
00000000000000000000000000000000    
00000000000000000000000000000000
00000000000000000000000000000000
00000000000000000000000000100000
00000000000000000000000000000100
00000000000000000000000000000001
00000000000000000000000000000011
00000000000000000000000000000000
00000000000000000000000000000000
00000000000000000000000000000000
00000000000000000000000000000000
00000000000000000000000000000000
00000000000000000000000000000000
00000000000000000000000000000000
00000000000000000000000000000000
00000000000000000000000000000000
00000000000000000000000000000000
00000000000000000000000000000000
00000000000000000000000000000000
00000000000000000000000000000000
00000000000000000000000000000000
00000000000000000000000000000000
00000000000000000000000000000000
00000000000000000000000000000000
00000000000000000000000000000000
00000000000000000000000000000000